1483840800000|Sat\n9\nPM|10.14|0|0|0|0|0|⛅️|Mostly Cloudy
1483844400000|Sat\n10\nPM|8.47|0.01|0.0013|255|99|71|❄️|Flurries
1483848000000|Sat\n11\nPM|7.01|0|0|0|0|0|⛅️|Partly Cloudy
1483851600000|Sun\n12\nAM|6.16|0|0|0|0|0||
1483855200000|Sun\n1\nAM|5.19|0|0|0|0|0|🌌|Clear
1483858800000|Sun\n2\nAM|4.13|0|0|0|0|0||
1483862400000|Sun\n3\nAM|2.5|0|0|0|0|0||
1483866000000|Sun\n4\nAM|1.22|0|0|0|0|0||
1483869600000|Sun\n5\nAM|0.29|0|0|0|0|0||
1483873200000|Sun\n6\nAM|-0.41|0|0|0|0|0||
1483876800000|Sun\n7\nAM|-0.84|0|0|0|0|0|||12.13
1483880400000|Sun\n8\nAM|-0.24|0|0|0|0|0||
1483884000000|Sun\n9\nAM|1.7|0|0|0|0|0||
1483887600000|Sun\n10\nAM|5.84|0|0|0|0|0||
1483891200000|Sun\n11\nAM|7.5|0|0|0|0|0|⛅️|Partly Cloudy
1483894800000|Sun\n12\nPM|10.24|0|0|0|0|0||
1483898400000|Sun\n1\nPM|12.73|0|0|0|0|0||
1483902000000|Sun\n2\nPM|14.09|0|0|0|0|0||||25.8
1483905600000|Sun\n3\nPM|13.76|0|0|0|0|0|⛅️|Mostly Cloudy
